$ANSIBLE_VAULT;1.1;AES256
32623835383864333935633236343032366137643638313636326163626130313763306461663538
3637636662623664623666343066346336313138366237610a613862636136613137356661666561
63373863336266303636336631623134386130376366306231383435623265316463616337646639
3662313763376434620a626461326533396238396665333064636430323165363234336562373539
36343639623964623531376161353039346135396463373734396130623638333535393463643931
38393466366235373136616631323831323739643264633661346435663333313866373735653437
33306136336436356163383333376464633335643962353038633266666133666330616239636137
38306661356530373537396332313331646662326538653736333861333235613537383838323134
38653436363930313935316461343833383034613666363466373832346437643434633766323864
33383433663132666462303032616234336265356230643034326661363735303435363433313231
31666532313736653631373137326461383334636466653634303531316363313737363639306437
65353863353361656334386132333563373862353831313562393738666130653730326664346465
6438
